Book 18.419712 243.47034000000005 132.348928 857.260345
Book 49.801216 131.62410500000001 660.380672 266.65825
Book 110.518272 253.01809 240.821248 846.34876
Book 234.681344 246.88037999999997 377.945088 855.8965099999999
Book 357.479424 243.47034000000005 478.912512 849.7588000000001
Book 448.894976 276.206 550.545408 848.3949650000001
Book 531.442688 259.1558 623.541248 840.2110500000001
Book 596.9356799999999 284.389915 688.352256 855.8965099999999
Book 665.156608 290.527625 796.141568 854.532675
Book 763.395072 243.47034000000005 875.278336 865.44426
Book 878.0062720000001 231.87638500000003 998.076416 870.9005049999998
