Dog 184.21762500000003 453.952512 410.14417499999996 695.87456
Dog 194.64502500000003 659.0310400000001 668.048175 969.080832
Dog 196.03484999999998 306.57433599999996 348.970275 420.58342400000004
Dog 231.487875 94.544896 342.01845 155.720704
Dog 268.3314 123.046912 359.39767499999994 187.698176
Dog 299.6136 338.55283199999997 471.318075 443.52512
Dog 306.565425 239.83718399999998 430.998975 352.456704
Dog 345.494025 385.824768 522.064575 564.4861440000001
Dog 360.788175 89.677824 441.426375 173.795328
Dog 397.631025 196.040704 483.83122499999996 303.09888
Dog 397.631025 557.534208 573.507 711.86432
